0 26.90039443969727
0.5 19.55652618408203
1.0 41.5743522644043
1.5 13.67957210540771
2.0 37.95017242431641
2.5 24.56610488891602
3.0 45.09180450439453
3.5 44.38565063476562
4.0 1.231866836547852
4.5 55.07366561889648
5.0 81.49850463867188
5.5 90.38592529296875
6.0 117.1289215087891
6.5 116.5944213867188
7.0 117.0774688720703
7.5 107.969352722168
8.0 108.9388427734375
8.5 92.64044952392578
9.0 114.3990936279297
9.5 114.0329284667969
10.0 96.32101440429688
10.5 76.63478088378906
11.0 89.46404266357422
11.5 75.52623748779297
12.0 65.77108001708984
12.5 71.28520202636719
13.0 29.64407157897949
13.5 39.77597427368164
14.0 19.02875328063965
14.5 63.16158676147461
15.0 58.74521636962891
15.5 59.27804565429688
16.0 72.25684356689453
16.5 50.88614654541016
17.0 52.2171516418457
17.5 23.26028633117676
18.0 54.44715881347656
18.5 58.76755905151367
19.0 47.13421630859375
19.5 50.79124450683594
20.0 54.11418533325195
20.5 61.63878631591797
21.0 68.03238677978516
21.5 69.20311737060547
22.0 77.40181732177734
22.5 80.3290786743164
23.0 78.71115112304688
23.5 76.98143768310547
24.0 71.80840301513672
24.5 66.41515350341797
25.0 56.39273834228516
25.5 52.31503677368164
26.0 51.50943374633789
26.5 46.6275634765625
27.0 35.51894760131836
27.5 27.78741073608398
28.0 17.5025463104248
28.5 18.03921699523926
29.0 0
29.5 0
30.0 0
30.5 0
31.0 0
31.5 -0.3252150416374207
32.0 -1.792831182479858
32.5 -4.317836761474609
33.0 -7.335654258728027
33.5 -10.47744369506836
34.0 -13.7583179473877
34.5 -16.68216705322266
35.0 -18.72007751464844
35.5 -20.76199150085449
36.0 -23.12381935119629
36.5 -25.1883487701416
37.0 -26.64724731445312
37.5 -28.58997917175293
38.0 -30.45195770263672
38.5 -29.0342960357666
39.0 -23.55653190612793
39.5 -18.54702758789062
40.0 -14.34507274627686
40.5 -10.82982349395752
41.0 -7.042440891265869
41.5 -4.937861442565918
42.0 -3.886211156845093
42.5 -2.466120481491089
43.0 -0.7974481582641602
43.5 -0.3507713377475739
44.0 -0.006310591008514166
44.5 19.31294250488281