26.90039443969727
19.55652618408203
41.5743522644043
13.67957210540771
37.95017242431641
24.56610488891602
45.09180450439453
44.38565063476562
1.231866836547852
55.07366561889648
81.49850463867188
90.38592529296875
117.1289215087891
116.5944213867188
117.0774688720703
107.969352722168
108.9388427734375
92.64044952392578
114.3990936279297
114.0329284667969
96.32101440429688
76.63478088378906
89.46404266357422
75.52623748779297
65.77108001708984
71.28520202636719
29.64407157897949
39.77597427368164
19.02875328063965
63.16158676147461
58.74521636962891
59.27804565429688
72.25684356689453
50.88614654541016
52.2171516418457
23.26028633117676
54.44715881347656
58.76755905151367
47.13421630859375
50.79124450683594
54.11418533325195
61.63878631591797
68.03238677978516
69.20311737060547
77.40181732177734
80.3290786743164
78.71115112304688
76.98143768310547
71.80840301513672
66.41515350341797
56.39273834228516
52.31503677368164
51.50943374633789
46.6275634765625
35.51894760131836
27.78741073608398
17.5025463104248
18.03921699523926
0
0
0
0
0
-0.3252150416374207
-1.792831182479858
-4.317836761474609
-7.335654258728027
-10.47744369506836
-13.7583179473877
-16.68216705322266
-18.72007751464844
-20.76199150085449
-23.12381935119629
-25.1883487701416
-26.64724731445312
-28.58997917175293
-30.45195770263672
-29.0342960357666
-23.55653190612793
-18.54702758789062
-14.34507274627686
-10.82982349395752
-7.042440891265869
-4.937861442565918
-3.886211156845093
-2.466120481491089
-0.7974481582641602
-0.3507713377475739
-0.006310591008514166
19.31294250488281